20
15
31
1 //number of cores

//matrix A
4 5 0 2 1 2 5 1 4 5 5 2 2 5 0 
2 4 4 1 4 0 4 0 5 4 0 4 2 2 5 
3 0 0 4 0 1 4 2 1 3 5 4 4 3 5 
5 2 5 5 5 3 3 0 1 2 0 1 5 4 5 
0 4 3 4 3 1 3 5 2 0 2 0 0 3 3 
2 4 5 3 5 0 4 2 1 2 1 1 2 0 1 
1 4 2 4 5 3 4 5 5 3 0 0 5 5 5 
4 1 2 0 1 3 0 5 3 2 3 4 4 1 2 
3 3 1 1 0 0 1 3 1 5 3 5 1 0 5 
5 4 3 2 5 5 3 0 1 4 2 3 0 2 2 
5 5 4 4 3 1 0 4 2 1 4 4 0 3 1 
1 3 2 1 0 3 4 2 3 1 0 2 2 2 1 
5 5 1 5 3 2 5 4 3 5 2 0 3 2 2 
2 0 5 3 3 4 0 0 5 1 4 3 0 0 4 
4 4 3 5 3 2 2 1 4 3 5 5 1 0 5 
3 0 1 4 5 3 4 0 5 2 0 5 0 3 3 
4 1 5 1 3 0 4 1 5 1 2 0 1 3 5 
5 0 1 1 4 0 1 1 5 4 1 5 2 4 0 
0 0 4 4 5 3 5 5 3 1 5 1 5 3 5 
5 3 2 3 5 1 5 3 2 5 5 2 4 2 5 

//matrix B
3 7 9 1 4 10 6 7 8 5 1 1 10 1 5 9 9 3 9 9 7 2 10 5 10 8 0 9 1 2 9 
9 10 0 10 7 9 5 7 2 0 5 5 4 6 5 6 5 8 1 7 2 3 1 0 1 4 6 2 4 9 9 
3 10 6 5 1 2 6 9 10 9 8 0 4 3 3 4 10 5 3 0 8 2 1 2 1 0 7 10 3 0 9 
10 10 0 5 2 7 5 8 6 9 4 2 7 10 7 2 4 5 8 1 10 5 4 2 4 3 3 8 1 0 5 
5 8 9 10 10 0 9 1 4 10 6 2 8 0 7 1 4 0 1 7 5 8 8 0 2 0 7 7 8 6 3 
8 8 4 9 5 8 9 2 2 4 10 5 1 8 0 0 10 8 0 4 1 1 7 1 9 4 8 0 7 10 6 
4 2 7 5 0 3 4 1 4 9 7 9 9 10 0 10 5 4 4 9 1 3 3 1 8 0 2 0 10 5 3 
6 3 3 10 6 10 9 6 2 10 7 3 6 2 3 5 7 6 3 3 4 7 1 2 2 8 0 7 4 3 2 
6 7 5 1 10 3 7 2 0 2 7 9 0 7 10 1 7 10 5 2 9 7 0 7 0 3 9 6 4 10 5 
9 3 0 10 0 2 6 2 8 10 9 0 6 4 2 8 9 4 1 1 0 10 2 7 5 2 4 10 0 3 8 
0 10 1 9 3 4 6 9 3 10 0 1 0 5 4 7 0 4 9 10 7 4 0 9 3 5 9 7 8 2 8 
4 1 2 9 3 8 0 9 7 2 8 0 10 0 4 7 7 0 7 7 5 10 4 6 7 1 7 1 5 2 0 
8 6 0 4 7 8 5 0 5 3 9 5 2 10 6 1 4 8 5 7 6 3 2 0 5 4 4 7 5 5 9 
5 3 6 3 0 1 4 2 0 1 4 7 8 10 10 1 4 1 5 1 10 7 2 3 3 4 3 9 1 10 0 
9 6 4 4 2 5 9 6 7 3 2 0 6 4 3 1 1 5 0 10 7 10 3 3 3 0 8 8 0 2 0 
