20
15
15
1 //number of cores

//matrix A
0 0 1 3 0 2 2 3 3 1 1 0 3 5 2 
2 4 4 4 5 0 1 2 4 3 3 5 1 5 2 
4 3 5 0 0 3 4 4 5 4 1 5 5 5 0 
0 1 3 0 0 1 5 5 4 3 0 0 4 5 1 
2 1 3 5 2 0 2 1 0 2 1 2 2 0 4 
2 3 1 0 1 1 4 0 2 1 2 2 5 4 1 
4 0 4 3 0 4 3 3 3 0 1 0 1 1 5 
4 2 2 2 1 2 3 0 3 3 1 4 3 2 3 
2 5 1 1 4 0 3 4 5 0 3 4 3 0 3 
4 0 4 0 1 3 4 4 0 4 1 4 1 3 2 
2 3 0 2 1 3 1 3 1 3 5 3 0 2 3 
0 5 3 4 2 2 3 0 2 1 1 1 0 4 3 
5 5 5 4 3 1 5 1 0 1 0 3 5 3 4 
0 2 2 3 5 2 1 5 1 1 2 2 1 0 2 
2 5 0 5 1 3 0 3 3 4 2 0 4 3 0 
1 2 5 2 2 2 3 0 4 4 5 2 1 5 5 
4 2 1 4 1 2 0 0 5 2 1 1 0 1 0 
3 2 0 3 0 5 0 5 5 3 1 0 1 4 4 
4 1 1 0 5 5 4 5 5 4 3 5 5 2 4 
0 3 5 1 4 2 4 3 0 4 3 1 1 1 1 

//matrix B
2 1 3 1 4 2 7 1 0 2 1 8 3 5 5 
10 5 1 7 0 9 2 5 4 5 10 8 10 1 10 
10 0 7 7 7 7 1 5 3 5 7 3 7 9 4 
10 3 10 3 8 2 7 5 9 6 0 0 7 9 7 
1 3 8 9 3 9 9 1 2 6 5 4 2 4 3 
3 0 0 6 3 2 4 9 1 8 8 10 3 7 9 
2 10 4 3 1 4 8 10 3 6 10 6 4 1 3 
6 8 1 7 10 10 2 6 1 0 0 1 3 9 10 
3 0 9 0 3 8 6 9 0 3 1 6 6 7 6 
7 4 6 4 3 1 8 5 1 5 8 7 1 1 2 
6 10 1 7 9 0 3 6 9 8 2 5 10 7 10 
0 3 6 9 9 4 1 0 10 8 4 7 4 1 5 
1 8 9 3 10 4 9 7 8 9 4 4 0 10 5 
9 5 9 3 7 3 5 5 6 4 4 6 2 7 8 
3 2 3 4 1 10 2 9 7 8 0 5 5 4 6 
